# t_s,id,pitch_rad,yaw_rad,pitch_rate_rad_s,yaw_rate_rad_s
0.010498,1,0.342115,0.240129,0.009531,-0.003520
0.021086,1,0.342100,0.240144,0.004883,-0.006309
0.031631,1,0.342074,0.240153,0.005813,-0.006309
0.042179,1,0.342118,0.240142,0.003954,-0.004450
0.052729,1,0.342122,0.240151,-0.009061,-0.007239
0.063278,1,0.342089,0.240175,0.006742,-0.001661
0.073829,1,0.342059,0.240202,0.003024,-0.003520
0.084388,1,0.342032,0.240219,-0.005343,-0.007239
0.094962,1,0.342034,0.240243,-0.000695,-0.008168
0.105508,1,0.342068,0.240284,0.004883,-0.003520
0.116072,1,0.342097,0.240280,-0.004413,-0.003520
0.126631,1,0.342174,0.240339,-0.001624,-0.010028
0.137192,1,0.342169,0.240371,-0.008132,0.001128
0.147757,1,0.342148,0.240371,-0.003483,-0.007239
0.158318,1,0.342178,0.240382,0.011390,-0.005379
0.168871,1,0.342241,0.240372,0.004883,-0.009098
0.179415,1,0.342152,0.240412,0.006742,-0.010957
0.189959,1,0.342122,0.240420,-0.016498,-0.005379
0.200504,1,0.342124,0.240443,-0.001624,-0.009098
0.211050,1,0.342103,0.240438,-0.001624,-0.005379
0.221593,1,0.342106,0.240439,-0.006272,-0.008168
0.232133,1,0.342165,0.240434,-0.001624,-0.005379
0.242675,1,0.342135,0.240435,-0.008132,-0.003520
0.253216,1,0.342132,0.240445,-0.007202,-0.004450
0.263763,1,0.342122,0.240453,0.000235,-0.006309
0.274310,1,0.342094,0.240469,0.007672,-0.006309
0.284859,1,0.342152,0.240462,-0.001624,-0.008168
0.295411,1,0.342133,0.240453,0.000235,-0.010957
0.305959,1,0.342126,0.240476,0.003954,-0.004450
0.316509,1,0.342125,0.240497,0.003024,-0.007239
0.327058,1,0.342136,0.240570,-0.003483,-0.009098
0.337607,1,0.342145,0.240566,0.008602,-0.010028
0.348157,1,0.342083,0.240576,-0.009061,-0.012816
0.358708,1,0.342084,0.240602,-0.009061,-0.003520
0.369270,1,0.342077,0.240658,0.007672,-0.006309
0.379823,1,0.342057,0.240731,0.002094,-0.011887
0.390365,1,0.342060,0.240770,0.010461,-0.002591
0.400907,1,0.342027,0.240777,0.007672,-0.010028
0.411448,1,0.342083,0.240775,0.008602,-0.007239
0.421987,1,0.342098,0.240770,0.005813,-0.007239
0.432527,1,0.342089,0.240781,-0.002554,-0.005379
0.443067,1,0.342088,0.240793,-0.002554,-0.002591
0.453609,1,0.342036,0.240846,-0.004413,-0.004450
0.464148,1,0.342018,0.240883,0.002094,-0.011887
0.474689,1,0.342038,0.240898,-0.002554,-0.018394
0.485239,1,0.342041,0.240940,0.002094,0.000198
0.495787,1,0.342031,0.240944,0.006742,-0.003520
0.506331,1,0.342071,0.240952,-0.003483,-0.007239
0.516875,1,0.342059,0.240983,-0.002554,-0.013746
0.527419,1,0.342086,0.241030,-0.007202,-0.000731
0.537960,1,0.342093,0.241023,0.003954,-0.005379
0.548501,1,0.342084,0.241074,-0.004413,-0.003520
0.559042,1,0.342126,0.241081,0.008602,0.002058
0.569582,1,0.342175,0.241087,0.003954,-0.005379
0.580123,1,0.342226,0.241105,-0.003483,-0.010028
0.590666,1,0.342221,0.241095,-0.002554,-0.010957
0.601208,1,0.342204,0.241124,-0.002554,-0.010028
0.611750,1,0.342220,0.241133,-0.001624,-0.004450
0.622292,1,0.342206,0.241182,-0.004413,-0.011887
0.632835,1,0.342244,0.241218,-0.000695,-0.010028
0.643377,1,0.342242,0.241221,0.003024,-0.004450
0.653922,1,0.342216,0.241264,-0.006272,-0.007239
0.664475,1,0.342221,0.241277,-0.005343,-0.008168
0.675023,1,0.342240,0.241302,0.002094,-0.003520
0.685572,1,0.342233,0.241388,0.004883,0.000198
0.696123,1,0.342209,0.241435,-0.006272,0.000198
0.706674,1,0.342158,0.241445,0.001165,-0.005379
0.717222,1,0.342144,0.241464,-0.008132,-0.004450
0.727770,1,0.342160,0.241479,0.003954,-0.011887
0.738319,1,0.342153,0.241529,0.000235,-0.011887
0.748869,1,0.342153,0.241535,0.008602,-0.008168
0.759418,1,0.342148,0.241553,0.005813,-0.004450
0.769969,1,0.342193,0.241550,0.003954,-0.008168
0.780517,1,0.342203,0.241556,-0.003483,-0.011887
0.791064,1,0.342220,0.241572,-0.001624,-0.008168
0.801611,1,0.342225,0.241578,-0.001624,-0.003520
0.812161,1,0.342263,0.241597,-0.005343,-0.009098
0.822710,1,0.342269,0.241631,0.003954,-0.010957
0.833255,1,0.342290,0.241630,-0.002554,-0.010957
0.843795,1,0.342288,0.241640,0.000235,-0.012816
0.854335,1,0.342304,0.241666,-0.001624,0.000198
0.864882,1,0.342326,0.241705,-0.000695,-0.003520
0.875430,1,0.342323,0.241707,-0.002554,-0.002591
0.885979,1,0.342240,0.241755,0.001165,-0.004450
0.896541,1,0.342263,0.241836,0.008602,-0.008168
0.907090,1,0.342285,0.241830,-0.004413,-0.005379
0.917638,1,0.342252,0.241863,0.004883,-0.004450
0.928187,1,0.342229,0.241915,-0.000695,-0.012816
0.938735,1,0.342184,0.241950,-0.005343,-0.002591
0.949288,1,0.342210,0.242002,0.007672,-0.005379
0.959835,1,0.342146,0.242025,-0.006272,-0.015605
0.970382,1,0.342135,0.242022,-0.006272,-0.010028
0.980931,1,0.342108,0.242031,-0.006272,-0.009098
0.991479,1,0.342118,0.242083,-0.003483,-0.006309
1.002027,1,0.342149,0.242087,0.005813,-0.005379
1.012575,1,0.342179,0.242101,0.007672,-0.011887
1.023127,1,0.342180,0.242123,-0.005343,-0.007239
1.033679,1,0.342215,0.242120,0.000235,0.000198
1.044232,1,0.342181,0.242121,0.002094,-0.005379
1.054782,1,0.342115,0.242173,0.004883,-0.011887
1.065331,1,0.342114,0.242234,0.003024,-0.002591
1.075881,1,0.342132,0.242228,0.006742,-0.003520
1.086430,1,0.342130,0.242218,0.003954,-0.009098
1.096978,1,0.342135,0.242222,-0.004413,-0.004450
1.107538,1,0.342149,0.242260,0.003024,-0.004450
1.118095,1,0.342091,0.242312,-0.003483,0.000198
1.128611,1,0.342112,0.242310,0.008602,-0.010957
1.139153,1,0.342154,0.242380,-0.001624,-0.009098
1.149697,1,0.342198,0.242388,-0.003483,-0.004450
1.160246,1,0.342207,0.242386,-0.002554,-0.010028
1.170798,1,0.342175,0.242421,-0.001624,0.000198
1.181347,1,0.342155,0.242427,0.003024,-0.003520
1.191897,1,0.342180,0.242432,-0.004413,-0.002591
1.202450,1,0.342172,0.242486,-0.001624,-0.004450
1.213000,1,0.342136,0.242483,0.000235,-0.005379
1.223549,1,0.342156,0.242518,-0.001624,-0.000731
1.234098,1,0.342134,0.242539,-0.005343,-0.002591
1.244646,1,0.342137,0.242553,0.005813,-0.006309
1.255194,1,0.342217,0.242544,0.002094,-0.005379
1.265742,1,0.342142,0.242583,0.005813,-0.005379
1.276291,1,0.342144,0.242628,-0.006272,0.001128
1.286839,1,0.342137,0.242686,0.001165,-0.010957
1.297386,1,0.342134,0.242749,-0.001624,-0.005379
1.307935,1,0.342113,0.242821,-0.001624,-0.012816
1.318483,1,0.342078,0.242853,-0.000695,-0.009098
1.329032,1,0.342117,0.242847,0.007672,-0.005379
1.339580,1,0.342105,0.242862,-0.000695,-0.006309
1.350128,1,0.342148,0.242917,0.003954,-0.007239
1.360677,1,0.342147,0.242927,0.002094,-0.007239
1.371225,1,0.342169,0.242947,0.005813,-0.008168
1.381774,1,0.342184,0.242945,0.005813,-0.007239
1.392322,1,0.342101,0.242951,0.000235,-0.015605
1.402870,1,0.342293,0.242990,0.007672,-0.004450
1.413419,1,0.342397,0.243002,-0.002554,-0.009098
1.423967,1,0.342387,0.243020,-0.002554,-0.000731
1.434517,1,0.342413,0.243017,0.010461,0.002058
1.445065,1,0.342298,0.243064,-0.007202,-0.007239
1.455614,1,0.342307,0.243081,-0.001624,-0.008168
1.466163,1,0.342440,0.243126,-0.001624,-0.002591
1.476713,1,0.342328,0.243125,-0.000695,-0.003520
1.487262,1,0.342325,0.243131,0.012320,-0.004450
1.497811,1,0.342428,0.243184,-0.002554,-0.007239
1.508358,1,0.342386,0.243181,-0.002554,-0.003520
1.518906,1,0.342423,0.243199,0.001165,-0.007239
1.529464,1,0.342363,0.243212,-0.004413,-0.011887
1.540014,1,0.342293,0.243283,-0.008132,-0.005379
1.550562,1,0.342372,0.243289,-0.014639,-0.010028
1.561112,1,0.342286,0.243309,0.000235,-0.010028
1.571661,1,0.342272,0.243311,0.001165,-0.012816
1.582210,1,0.342314,0.243329,0.000235,-0.001661
1.592760,1,0.342281,0.243331,0.001165,-0.004450
1.603308,1,0.342391,0.243342,0.005813,-0.008168
1.613857,1,0.342361,0.243351,0.002094,-0.000731
1.624405,1,0.342375,0.243407,-0.001624,-0.005379
1.634953,1,0.342401,0.243409,-0.003483,-0.006309
1.645505,1,0.342315,0.243400,-0.012780,-0.005379
1.656053,1,0.342277,0.243448,0.009531,-0.014676
1.666603,1,0.342315,0.243453,0.001165,-0.004450
1.677153,1,0.342298,0.243471,-0.004413,-0.004450
1.687702,1,0.342325,0.243513,0.016039,-0.010028
1.698251,1,0.342335,0.243507,-0.000695,-0.010957
1.708800,1,0.342293,0.243557,0.003954,-0.007239
1.719349,1,0.342342,0.243595,-0.005343,-0.008168
1.729900,1,0.342350,0.243692,0.018827,-0.007239
1.740451,1,0.342541,0.243768,0.022546,-0.012816
1.750999,1,0.342778,0.243912,0.012320,-0.014676
1.761550,1,0.342903,0.243923,-0.004413,-0.005379
1.772099,1,0.342924,0.243964,-0.000695,-0.007239
1.782660,1,0.342832,0.243964,0.004883,0.000198
1.793212,1,0.342867,0.243976,-0.004413,-0.006309
1.803761,1,0.342923,0.243968,0.004883,-0.002591
1.814309,1,0.342912,0.243972,-0.009061,-0.005379
1.824858,1,0.342801,0.243966,-0.007202,-0.003520
1.835407,1,0.342782,0.243960,0.001165,-0.001661
1.845956,1,0.342781,0.244018,0.003024,-0.005379
1.856505,1,0.342819,0.244078,0.002094,-0.005379
1.867054,1,0.342823,0.244157,0.007672,-0.005379
1.877624,1,0.342823,0.244177,0.003024,-0.006309
1.888180,1,0.342932,0.244251,0.010461,-0.008168
1.898811,1,0.343154,0.244324,0.017898,-0.009098
1.909395,1,0.343340,0.244344,0.013250,-0.000731
1.919940,1,0.343516,0.244378,0.020687,0.003917
1.930441,1,0.343697,0.244384,0.016968,-0.006309
1.940967,1,0.343771,0.244441,0.011390,-0.023042
1.951495,1,0.344002,0.244587,0.023476,-0.016535
1.962021,1,0.344335,0.244805,0.023476,-0.017464
1.972549,1,0.344710,0.245068,0.023476,-0.023042
1.983080,1,0.345007,0.245460,0.013250,-0.036057
1.993614,1,0.345162,0.246125,0.012320,-0.064875
2.004147,1,0.345312,0.247047,0.019757,-0.092764
2.014666,1,0.345399,0.248484,0.011390,-0.122511
2.025204,1,0.345553,0.250209,0.011390,-0.152259
2.035742,1,0.345708,0.252773,0.021616,-0.219192
2.046278,1,0.345937,0.256305,0.015109,-0.299139
2.056811,1,0.346178,0.260549,0.014179,-0.384664
2.067346,1,0.346446,0.266522,0.016039,-0.498077
2.077880,1,0.346665,0.273347,0.010461,-0.606843
2.088416,1,0.346850,0.282550,0.001165,-0.745356
2.098954,1,0.346820,0.292510,0.003024,-0.874573
2.109485,1,0.346793,0.305252,0.005813,-1.007508
2.120019,1,0.346672,0.318323,0.006742,-1.133007
2.130555,1,0.346632,0.334428,0.012320,-1.264083
2.141084,1,0.346610,0.350533,0.011390,-1.371919
2.151616,1,0.346601,0.369970,0.007672,-1.511361
2.162147,1,0.346628,0.391190,0.019757,-1.636860
2.172678,1,0.346659,0.412004,0.014179,-1.760499
2.183213,1,0.346623,0.436498,0.022546,-1.877631
2.193746,1,0.346616,0.460161,0.020687,-1.985467
2.204258,1,0.346679,0.487627,0.024405,-2.100739
2.214796,1,0.346742,0.513896,0.021616,-2.199279
2.225326,1,0.346881,0.544175,0.030912,-2.302467
2.235845,1,0.347051,0.572813,0.020687,-2.383343
2.246379,1,0.347268,0.605403,0.029983,-2.469798
2.256896,1,0.347510,0.635944,0.022546,-2.537660
2.267431,1,0.347628,0.670354,0.020687,-2.589719
2.277967,1,0.347855,0.702497,0.022546,-2.659440
2.288496,1,0.348184,0.738579,0.021616,-2.716147
2.299026,1,0.348415,0.771826,0.022546,-2.740317
2.309562,1,0.348687,0.808614,0.022546,-2.744965
2.320097,1,0.348852,0.845329,0.016968,-2.737528
2.330631,1,0.349064,0.878376,0.017898,-2.691977
2.341161,1,0.349113,0.913968,0.004883,-2.609241
2.351693,1,0.349060,0.945164,0.005813,-2.510701
2.362224,1,0.349056,0.977706,0.031842,-2.357314
2.372753,1,0.349210,1.005398,0.025335,-2.206716
2.383284,1,0.349458,1.033602,0.028124,-2.024511
2.393816,1,0.349702,1.057132,0.028124,-1.863687
2.404348,1,0.350013,1.080581,0.016968,-1.664749
2.414885,1,0.350210,1.099669,0.017898,-1.479755
2.425394,1,0.350345,1.117976,0.018827,-1.275238
2.435929,1,0.350523,1.132150,-0.000695,-1.076300
2.446465,1,0.350557,1.145023,0.005813,-0.856910
2.456998,1,0.350710,1.154920,-0.005343,-0.641238
2.467540,1,0.350802,1.161278,-0.007202,-0.429285
2.478074,1,0.350694,1.165426,-0.010920,-0.223840
2.488597,1,0.350623,1.166725,-0.000695,-0.031409
2.499126,1,0.350653,1.166022,-0.004413,0.097808
2.509655,1,0.350610,1.164139,0.012320,0.184263
2.520185,1,0.350718,1.161218,0.000235,0.245618
2.530717,1,0.350697,1.157996,0.003954,0.280013
2.541250,1,0.350710,1.153888,0.008602,0.321846
2.551801,1,0.350711,1.149703,0.006742,0.353453
2.562337,1,0.350904,1.144798,0.006742,0.376694
2.572869,1,0.350921,1.140023,0.002094,0.401793
2.583401,1,0.350952,1.134373,0.004883,0.439908
2.593939,1,0.351023,1.128329,0.005813,0.465937
2.604473,1,0.350986,1.122511,0.010461,0.487318
2.615007,1,0.351014,1.115882,-0.005343,0.491966
2.625540,1,0.351057,1.109921,-0.006272,0.488248
2.636077,1,0.351172,1.103628,0.014179,0.450134
2.646611,1,0.351296,1.098549,-0.004413,0.397145
2.657144,1,0.351434,1.093920,-0.015568,0.310691
2.667686,1,0.351449,1.090628,-0.028583,0.238181
2.678221,1,0.351306,1.087976,-0.041598,0.170318
2.688766,1,0.350923,1.086276,-0.065768,0.118260
2.699299,1,0.350286,1.084886,-0.112249,0.095949
2.709828,1,0.349091,1.083981,-0.204281,0.066201
2.720357,1,0.346548,1.083318,-0.259129,0.032735
2.730885,1,0.343402,1.083194,-0.278650,0.003917
2.741416,1,0.340547,1.083222,-0.353950,-0.001661
2.751947,1,0.336442,1.083443,-0.520351,0.001128
2.762476,1,0.330683,1.083935,-0.779715,-0.023972
2.773006,1,0.320900,1.084572,-1.078122,-0.016535
2.783523,1,0.308367,1.085105,-1.327260,-0.027690
2.794063,1,0.291558,1.085873,-1.549439,-0.051860
2.804547,1,0.273653,1.086824,-1.781843,-0.110426
2.815079,1,0.251218,1.088580,-1.958471,-0.130878
2.825605,1,0.229267,1.090324,-2.058870,-0.135526
2.836139,1,0.203564,1.092304,-2.209468,-0.152259
2.846670,1,0.178583,1.094196,-2.333107,-0.167133
2.857203,1,0.149092,1.096601,-2.526468,-0.192233
2.867734,1,0.117293,1.099139,-2.677996,-0.188514
2.878267,1,0.086619,1.101666,-2.781183,-0.211755
2.888807,1,0.051514,1.104696,-2.882512,-0.233136
2.899351,1,0.017891,1.107446,-2.890878,-0.234066
2.909899,1,-0.019916,1.110417,-2.952233,-0.206177
2.920482,1,-0.054444,1.112807,-2.922485,-0.177359
2.931043,1,-0.091834,1.115096,-2.865779,-0.143893
2.941602,1,-0.125291,1.116791,-2.770028,-0.128089
2.952164,1,-0.160497,1.118150,-2.640811,-0.084397
2.962731,1,-0.194021,1.119131,-2.520890,-0.048142
2.973314,1,-0.223424,1.119734,-2.411195,-0.023972
2.983899,1,-0.253842,1.120004,-2.271753,-0.016535
2.994469,1,-0.280124,1.120253,-2.164846,-0.019324
3.005067,1,-0.307737,1.120647,-2.023544,-0.012816
3.015626,1,-0.331098,1.120915,-1.878524,-0.006309
3.026185,1,-0.354224,1.121250,-1.608935,0.010424
3.036752,1,-0.373971,1.121406,-1.290076,-0.007239
3.047316,1,-0.388041,1.121784,-1.038149,-0.010957
3.057887,1,-0.400676,1.121859,-0.849436,0.008565
3.068450,1,-0.410417,1.121702,-0.693260,0.028087
3.079005,1,-0.419118,1.121184,-0.508266,0.042031
3.089547,1,-0.424426,1.120414,-0.269354,0.068060
3.100085,1,-0.427577,1.119169,-0.081571,0.108964
3.110614,1,-0.427986,1.117383,0.067168,0.144289
3.121146,1,-0.427345,1.114950,0.101563,0.171248
3.131675,1,-0.426389,1.112345,0.111789,0.175896
3.142202,1,-0.425209,1.110257,0.116437,0.149867
3.152734,1,-0.423789,1.108289,0.103423,0.128486
3.163259,1,-0.422840,1.106831,0.102493,0.109893
3.173785,1,-0.421820,1.105453,0.123874,0.088512
3.184313,1,-0.420498,1.104499,0.150833,0.057835
3.194846,1,-0.418524,1.103850,0.191736,0.029016
3.205373,1,-0.416150,1.103642,0.221484,-0.004450
3.215904,1,-0.413113,1.103922,0.250302,-0.033268
3.226432,1,-0.409943,1.104262,0.302361,-0.036986
3.236959,1,-0.405883,1.104779,0.359068,-0.035127
3.247489,1,-0.401494,1.105034,0.416704,-0.023972
3.258020,1,-0.396015,1.105148,0.479918,-0.010957
3.268547,1,-0.389430,1.105076,0.586824,-0.010957
3.279073,1,-0.382660,1.104586,0.668631,0.045750
3.289600,1,-0.373897,1.104320,0.788552,0.008565
3.300125,1,-0.364716,1.103939,0.894528,0.029016
3.310655,1,-0.353147,1.103236,1.046986,0.056905
3.321151,1,-0.341153,1.102720,1.173413,0.029016
3.331706,1,-0.326237,1.102516,1.311927,0.003917
3.342236,1,-0.311376,1.102487,1.391874,0.001128
3.352766,1,-0.293632,1.102472,1.542472,0.012283
3.363294,1,-0.276014,1.102469,1.694000,0.005776
3.373822,1,-0.254736,1.102545,1.856683,0.000198
3.384351,1,-0.233521,1.102576,2.000774,0.008565
3.394883,1,-0.208177,1.102635,2.148583,-0.007239
3.405413,1,-0.183631,1.102738,2.277801,-0.005379
3.415940,1,-0.154899,1.102832,2.400510,-0.009098
3.426469,1,-0.124614,1.103072,2.501838,-0.014676
3.436996,1,-0.095988,1.103354,2.592012,-0.010028
3.447523,1,-0.063276,1.103582,2.661733,-0.016535
3.458049,1,-0.032751,1.103847,2.716580,-0.005379
3.468588,1,0.001837,1.104089,2.776076,-0.004450
3.479158,1,0.033826,1.104266,2.771428,0.012283
3.489740,1,0.068807,1.104473,2.717510,0.018791
3.500298,1,0.100198,1.104501,2.674747,0.021580
3.510852,1,0.134005,1.104501,2.583645,0.018791
3.521405,1,0.166875,1.104527,2.491612,0.015072
3.531952,1,0.195560,1.104604,2.365185,0.007635
3.542504,1,0.225956,1.104841,2.271293,0.008565
3.553050,1,0.252304,1.104972,2.148583,0.026228
3.563598,1,0.279670,1.105134,2.034240,0.016002
3.574157,1,0.303527,1.105219,1.931053,0.011354
3.584703,1,0.328501,1.105671,1.634504,0.006706
3.595247,1,0.348447,1.106114,1.009801,-0.036057
3.605792,1,0.357838,1.106107,-0.168026,0.045750
3.616338,1,0.353482,1.106065,-0.029513,-0.027690
3.626885,1,0.354765,1.106757,0.078323,-0.117863
3.637427,1,0.355370,1.108467,-0.056472,-0.081608
3.647968,1,0.353503,1.109307,0.005813,-0.071382
3.658511,1,0.354566,1.110441,0.021616,-0.061157
3.669053,1,0.354449,1.110934,-0.025794,-0.012816
3.679595,1,0.353953,1.110894,-0.009991,-0.025831
3.690138,1,0.353861,1.111113,0.021616,-0.000731
3.700682,1,0.354254,1.110984,-0.016498,0.003917
3.711225,1,0.353842,1.110786,0.008602,-0.004450
3.721766,1,0.354754,1.110945,-0.002554,0.008565
3.732306,1,0.354393,1.110882,-0.015568,-0.000731
3.742846,1,0.354542,1.111083,0.003954,-0.015605
3.753387,1,0.354662,1.111160,-0.024865,-0.005379
3.763926,1,0.354160,1.111144,-0.017428,-0.019324
3.774466,1,0.354331,1.111402,-0.010920,-0.010028
3.785006,1,0.354055,1.111405,-0.031372,0.010424
3.795547,1,0.353448,1.111165,-0.007202,0.016931
3.806087,1,0.353421,1.110892,-0.005343,0.033665
3.816628,1,0.353004,1.110044,-0.015568,0.068990
3.827171,1,0.352831,1.108985,0.003024,0.101527
3.837725,1,0.352872,1.107227,-0.000695,0.154515
3.848275,1,0.352554,1.104626,-0.016498,0.216799
3.858824,1,0.352532,1.101680,-0.002554,0.273506
3.869372,1,0.352499,1.097378,-0.018357,0.354383
3.879920,1,0.352348,1.092485,-0.008132,0.415738
3.890468,1,0.352370,1.086091,-0.014639,0.516137
3.901015,1,0.352259,1.079122,0.002094,0.599802
3.911560,1,0.352381,1.070373,-0.001624,0.700201
3.922106,1,0.352383,1.061293,-0.000695,0.785726
3.932658,1,0.352273,1.050005,0.000235,0.886125
3.943205,1,0.352389,1.037487,0.007672,0.978157
3.953753,1,0.352477,1.025011,-0.001624,1.056245
3.964292,1,0.352574,1.010223,-0.000695,1.138051
3.974833,1,0.352776,0.995871,0.000235,1.205913
3.985362,1,0.352780,0.979161,-0.004413,1.275635
3.995893,1,0.352872,0.963158,-0.015568,1.328623
4.006438,1,0.352856,0.944675,-0.022076,1.402063
4.017004,1,0.352683,0.927062,-0.023005,1.468066
4.027559,1,0.352575,0.906800,-0.026724,1.544295
4.038122,1,0.352407,0.885535,-0.009061,1.613086
4.048665,1,0.352399,0.865423,-0.005343,1.669793
4.059209,1,0.352312,0.842461,-0.021146,1.738585
4.069759,1,0.352241,0.820834,-0.015568,1.789714
4.080308,1,0.352238,0.796338,-0.025794,1.853858
4.090860,1,0.352206,0.773347,-0.024865,1.904987
4.101429,1,0.352198,0.747256,-0.030442,1.982145
4.111983,1,0.352050,0.722828,-0.026724,2.016541
4.122535,1,0.351933,0.695341,-0.027654,2.056515
4.133086,1,0.351842,0.667272,-0.015568,2.103925
4.143634,1,0.351857,0.641401,-0.018357,2.136462
4.154181,1,0.351771,0.612700,-0.023935,2.139251
4.164729,1,0.351786,0.586657,-0.003483,2.131814
4.175280,1,0.351838,0.558285,-0.005343,2.097418
4.185826,1,0.351952,0.532918,-0.001624,2.063951
4.196373,1,0.352085,0.505642,-0.000695,2.008174
4.206914,1,0.352195,0.481552,-0.012780,1.943101
4.217461,1,0.352354,0.455914,-0.009061,1.885465
4.228003,1,0.352331,0.433437,-0.010920,1.812025
4.238546,1,0.352357,0.409786,-0.002554,1.715344
4.249090,1,0.352612,0.387489,-0.003483,1.617734
4.259635,1,0.352680,0.368592,0.007672,1.491306
4.270180,1,0.353009,0.349606,0.003024,1.356512
4.280725,1,0.353282,0.334011,-0.007202,1.223576
4.291271,1,0.353379,0.318651,-0.002554,1.077626
4.301809,1,0.353379,0.306352,-0.026724,0.953057
4.312342,1,0.353265,0.294417,-0.017428,0.836855
4.322886,1,0.353102,0.284900,-0.014639,0.743893
4.333434,1,0.352957,0.275776,-0.022076,0.639776
4.343984,1,0.352669,0.267893,-0.024865,0.552392
4.354522,1,0.352405,0.261895,-0.023005,0.449204
4.365056,1,0.352178,0.256568,-0.014639,0.349735
4.375592,1,0.351914,0.252930,-0.019287,0.259562
4.386127,1,0.351756,0.250261,-0.014639,0.159163
4.396668,1,0.351514,0.248978,-0.015568,0.070849
4.407200,1,0.351315,0.248691,-0.017428,-0.016535
4.417753,1,0.351119,0.249034,-0.010920,-0.024901
4.428301,1,0.350982,0.249528,-0.008132,-0.037916
4.438845,1,0.350931,0.249999,-0.001624,-0.051860
4.449395,1,0.350836,0.250572,0.008602,-0.045353
4.459930,1,0.350716,0.251223,-0.004413,-0.046283
4.470481,1,0.350643,0.251897,-0.004413,-0.057438
4.481019,1,0.350546,0.252656,0.001165,-0.056508
4.491566,1,0.350520,0.253408,-0.008132,-0.069523
4.502093,1,0.350454,0.254365,-0.009991,-0.073242
4.512622,1,0.350454,0.255330,-0.004413,-0.078819
4.523171,1,0.350451,0.256474,-0.003483,-0.084397
4.533708,1,0.350448,0.257547,-0.010920,-0.087186
4.544258,1,0.350255,0.258806,-0.014639,-0.092764
4.554806,1,0.349939,0.259910,-0.013709,-0.095552
4.565354,1,0.349638,0.261022,-0.010920,-0.078819
4.575900,1,0.349403,0.261943,-0.016498,-0.053720
4.586432,1,0.349143,0.262564,-0.014639,-0.038846
4.596965,1,0.348897,0.262878,-0.012780,-0.013746
4.607494,1,0.348590,0.262866,-0.006272,0.006706
4.618025,1,0.348493,0.262931,0.003024,-0.005379
4.628555,1,0.348430,0.262920,-0.013709,-0.005379
4.639105,1,0.348354,0.262941,-0.009061,-0.008168
4.649674,1,0.348207,0.262986,-0.029513,-0.007239
4.660234,1,0.347907,0.262971,-0.033231,-0.004450
4.670791,1,0.347460,0.262964,-0.037879,0.001128
4.681345,1,0.346855,0.262953,-0.009991,-0.010957
4.691903,1,0.346688,0.262939,-0.010920,-0.003520
4.702461,1,0.346612,0.262953,-0.001624,-0.003520
4.713020,1,0.346524,0.262953,-0.001624,-0.007239
4.723575,1,0.346466,0.262963,0.000235,-0.001661
4.734117,1,0.346403,0.262947,0.005813,-0.008168
4.744651,1,0.346306,0.262944,0.006742,-0.001661
4.755183,1,0.346328,0.262982,0.002094,-0.010957
4.765718,1,0.346300,0.262998,-0.003483,-0.004450
4.776251,1,0.346230,0.263014,-0.003483,-0.011887
4.786786,1,0.346209,0.263065,0.000235,-0.009098
4.797318,1,0.346211,0.263091,0.007672,-0.009098
4.807848,1,0.346219,0.263089,0.006742,-0.006309
4.818379,1,0.346221,0.263098,-0.003483,-0.004450
4.828911,1,0.346100,0.263122,0.007672,-0.003520
4.839440,1,0.346013,0.263126,-0.009061,0.001128
4.849968,1,0.345884,0.263164,0.004883,-0.005379
4.860498,1,0.345797,0.263152,0.003024,-0.005379
4.871027,1,0.345745,0.263148,-0.000695,-0.001661
4.881559,1,0.345695,0.263150,-0.003483,0.001128
4.892089,1,0.345640,0.263190,0.003024,-0.007239
4.902618,1,0.345639,0.263213,-0.001624,-0.005379
4.913146,1,0.345666,0.263213,-0.006272,-0.005379
4.923676,1,0.345641,0.263234,0.003954,-0.009098
4.934211,1,0.345636,0.263225,0.001165,-0.006309
4.944739,1,0.345621,0.263266,-0.001624,-0.010028
4.955268,1,0.345579,0.263301,-0.004413,-0.007239
4.965803,1,0.345549,0.263332,0.004883,-0.002591
4.976338,1,0.345495,0.263325,0.003954,-0.008168
4.986867,1,0.345439,0.263323,-0.001624,-0.008168
4.997397,1,0.345380,0.263340,0.000235,-0.013746
5.007927,1,0.345348,0.263388,-0.008132,-0.004450
5.018457,1,0.345345,0.263393,-0.004413,-0.004450
5.028989,1,0.345321,0.263415,0.009531,-0.003520
5.039528,1,0.345291,0.263458,-0.008132,-0.012816
5.050058,1,0.345213,0.263447,0.003954,-0.009098
5.060591,1,0.345176,0.263438,-0.002554,-0.006309
5.071121,1,0.345144,0.263439,0.005813,-0.006309
5.081654,1,0.345082,0.263470,0.001165,0.001128
5.092200,1,0.345035,0.263465,-0.003483,-0.010028
5.102743,1,0.344986,0.263460,0.001165,-0.009098
